20 10 0.436437
20 12 0.493464
20 14 0.407919
20 16 0.486016
20 18 0.495531
20 20 0.470351
20 22 0.487488
20 24 0.515943
20 26 0.500721
20 28 0.506097
20 30 0.475310
20 32 0.492919
20 34 0.463733
20 36 0.477976
20 38 0.503161
20 40 0.514609
20 42 0.477687
20 44 0.492568
20 46 0.503698
20 48 0.506747
20 50 0.485798
20 52 0.474796
20 54 0.483316
20 56 0.517936
20 58 0.515462
20 60 0.505370
20 62 0.511874
20 64 0.505843
20 66 0.523306
20 68 0.510800
20 70 0.514267
20 72 0.500958
20 74 0.491617
20 76 0.501578
20 78 0.513034
20 80 0.515862
20 82 0.529312
20 84 0.518769
20 86 0.515827
20 88 0.527818
20 90 0.520460
20 92 0.518768
20 94 0.518889
20 96 0.515788
20 98 0.532832
20 100 0.510987
22 10 0.407408
22 12 0.446082
22 14 0.495797
22 16 0.440840
22 18 0.449699
22 20 0.416121
22 22 0.443856
22 24 0.463715
22 26 0.474605
22 28 0.493745
22 30 0.497148
22 32 0.485163
22 34 0.451935
22 36 0.470936
22 38 0.384777
22 40 0.406616
22 42 0.489809
22 44 0.513112
22 46 0.502745
22 48 0.503254
22 50 0.494067
22 52 0.391928
22 54 0.440561
22 56 0.454560
22 58 0.404013
22 60 0.462359
22 62 0.469228
22 64 0.438572
22 66 0.500994
22 68 0.485336
22 70 0.441632
22 72 0.477433
22 74 0.482973
22 76 0.442874
22 78 0.503075
22 80 0.472812
22 82 0.513890
22 84 0.507902
22 86 0.503406
22 88 0.459814
22 90 0.421778
22 92 0.406224
22 94 0.452429
22 96 0.455632
22 98 0.513140
22 100 0.494899
24 10 0.368124
24 12 0.403165
24 14 0.475647
24 16 0.490783
24 18 0.414399
24 20 0.367786
24 22 0.405343
24 24 0.431568
24 26 0.423774
24 28 0.407190
24 30 0.419025
24 32 0.420532
24 34 0.436298
24 36 0.433213
24 38 0.443949
24 40 0.477020
24 42 0.471721
24 44 0.493819
24 46 0.502207
24 48 0.494341
24 50 0.435067
24 52 0.428843
24 54 0.500318
24 56 0.507867
24 58 0.483624
24 60 0.453626
24 62 0.454457
24 64 0.498971
24 66 0.501552
24 68 0.490035
24 70 0.486828
24 72 0.505400
24 74 0.497998
24 76 0.493779
24 78 0.496984
24 80 0.502822
24 82 0.465483
24 84 0.371473
24 86 0.456281
24 88 0.490468
24 90 0.501979
24 92 0.495161
24 94 0.507330
24 96 0.497070
24 98 0.501429
24 100 0.490361
26 10 0.465701
26 12 0.457229
26 14 0.415093
26 16 0.411547
26 18 0.482316
26 20 0.464046
26 22 0.478611
26 24 0.460744
26 26 0.475289
26 28 0.495127
26 30 0.452718
26 32 0.494705
26 34 0.473652
26 36 0.475062
26 38 0.493413
26 40 0.493934
26 42 0.452913
26 44 0.483446
26 46 0.480946
26 48 0.497070
26 50 0.479659
26 52 0.491581
26 54 0.498184
26 56 0.488677
26 58 0.477564
26 60 0.500934
26 62 0.471338
26 64 0.473517
26 66 0.431339
26 68 0.446230
26 70 0.438098
26 72 0.506169
26 74 0.473163
26 76 0.498171
26 78 0.510818
26 80 0.493092
26 82 0.507824
26 84 0.493418
26 86 0.508379
26 88 0.509996
26 90 0.498929
26 92 0.517053
26 94 0.471246
26 96 0.484583
26 98 0.503276
26 100 0.501670
28 10 0.379134
28 12 0.427400
28 14 0.446216
28 16 0.449449
28 18 0.437336
28 20 0.464322
28 22 0.436323
28 24 0.472647
28 26 0.436896
28 28 0.482053
28 30 0.467207
28 32 0.478089
28 34 0.458835
28 36 0.467372
28 38 0.506437
28 40 0.492463
28 42 0.493618
28 44 0.484614
28 46 0.483053
28 48 0.508565
28 50 0.485609
28 52 0.488881
28 54 0.459136
28 56 0.491425
28 58 0.483229
28 60 0.498978
28 62 0.506605
28 64 0.489192
28 66 0.496628
28 68 0.503158
28 70 0.498882
28 72 0.490824
28 74 0.470197
28 76 0.500224
28 78 0.503424
28 80 0.510515
28 82 0.500368
28 84 0.493895
28 86 0.501017
28 88 0.505519
28 90 0.502159
28 92 0.507664
28 94 0.498651
28 96 0.503472
28 98 0.501956
28 100 0.498725
30 10 0.432086
30 12 0.435786
30 14 0.469675
30 16 0.426203
30 18 0.488164
30 20 0.453613
30 22 0.444332
30 24 0.469322
30 26 0.499246
30 28 0.475638
30 30 0.498299
30 32 0.471903
30 34 0.476922
30 36 0.485899
30 38 0.472202
30 40 0.494586
30 42 0.495605
30 44 0.495826
30 46 0.480793
30 48 0.492370
30 50 0.401183
30 52 0.333573
30 54 0.403718
30 56 0.450404
30 58 0.449535
30 60 0.496948
30 62 0.419448
30 64 0.461043
30 66 0.484821
30 68 0.474630
30 70 0.472736
30 72 0.503874
30 74 0.445291
30 76 0.455442
30 78 0.414999
30 80 0.474894
30 82 0.453035
30 84 0.480123
30 86 0.485444
30 88 0.498362
30 90 0.497513
30 92 0.477331
30 94 0.503339
30 96 0.501900
30 98 0.500403
30 100 0.474534
32 10 2 0.183002
32 12 2 0.184078
32 14 2 0.167279
32 16 2 0.171215
32 18 2 0.178542
32 20 2 0.173814
32 22 2 0.167849
32 24 2 0.181206
32 26 2 0.166359
32 28 2 0.173855
32 30 2 0.171972
32 32 2 0.165526
32 34 2 0.176784
32 36 2 0.175342
32 38 2 0.169970
32 40 2 0.162555
32 42 2 0.175034
32 44 2 0.138169
32 46 2 0.085092
32 48 2 0.087165
32 50 2 0.083670
32 52 2 0.089146
32 54 2 0.063820
32 56 2 0.045139
32 58 2 0.043524
32 60 2 0.045072
