20 10 0.208835
20 20 0.206326
20 30 0.199477
20 40 0.216601
20 50 0.202108
20 60 0.193006
20 70 0.199124
20 80 0.204931
20 90 0.211508
20 100 0.195116
40 10 0.165921
40 20 0.203956
40 30 0.165128
40 40 0.179970
40 50 0.191227
40 60 0.173996
40 70 0.186290
40 80 0.191260
40 90 0.163566
40 100 0.183324
60 10 0.165783
60 20 0.158323
60 30 0.164450
60 40 0.146676
60 50 0.187858
60 60 0.168019
60 70 0.166705
60 80 0.159217
60 90 0.175471
60 100 0.162291
80 10 0.177424
80 20 0.139645
80 30 0.181423
80 40 0.130278
80 50 0.174050
80 60 0.169232
80 70 0.165620
80 80 0.158514
80 90 0.173053
80 100 0.156959
100 10 0.155418
100 20 0.168788
100 30 0.130089
100 40 0.161471
100 50 0.164915
100 60 0.150448
100 70 0.154207
100 80 0.132237
100 90 0.147314
100 100 0.145163
120 10 0.146967
120 20 0.159053
120 30 0.147411
120 40 0.145959
120 50 0.140885
120 60 0.140907
120 70 0.154181
120 80 0.158726
120 90 0.146719
120 100 0.149247
140 10 0.157291
140 20 0.125085
140 30 0.150167
140 40 0.137523
140 50 0.154129
140 60 0.135553
140 70 0.141274
140 80 0.141467
140 90 0.139203
140 100 0.164868
160 10 0.173064
160 20 0.121199
160 30 0.179795
160 40 0.158796
160 50 0.144591
160 60 0.146091
160 70 0.149623
160 80 0.119985
160 90 0.132935
160 100 0.135264
180 10 0.160125
180 20 0.151431
180 30 0.129849
180 40 0.122102
180 50 0.133407
180 60 0.141666
180 70 0.141034
180 80 0.127488
180 90 0.164375
180 100 0.150657
200 10 0.146356
200 20 0.156925
200 30 0.140240
200 40 0.172893
200 50 0.152414
200 60 0.153509
200 70 0.154522
200 80 0.151369
200 90 0.200041
200 100 0.192004
