20 10 2 0.157615
20 20 2 0.157626
20 30 2 0.151298
20 40 2 0.163672
20 50 2 0.163439
20 60 2 0.150180
20 70 2 0.155721
20 80 2 0.151482
20 90 2 0.157205
20 100 2 0.157529
40 10 2 0.124590
40 20 2 0.121585
40 30 2 0.127528
40 40 2 0.130897
40 50 2 0.127405
40 60 2 0.123699
40 70 2 0.132916
40 80 2 0.128172
40 90 2 0.128856
40 100 2 0.127691
60 10 2 0.132135
60 20 2 0.127477
60 30 2 0.122845
60 40 2 0.123039
60 50 2 0.122142
60 60 2 0.123968
60 70 2 0.125244
60 80 2 0.128396
60 90 2 0.120339
60 100 2 0.123708
80 10 2 0.101148
80 20 2 0.104596
80 30 2 0.105628
80 40 2 0.107163
80 50 2 0.106368
80 60 2 0.107863
80 70 2 0.106102
80 80 2 0.107038
80 90 2 0.105330
80 100 2 0.103022
100 10 2 0.101950
100 20 2 0.102518
100 30 2 0.107131
100 40 2 0.099431
100 50 2 0.098665
100 60 2 0.101604
100 70 2 0.100487
100 80 2 0.104865
100 90 2 0.106638
100 100 2 0.104466
120 10 2 0.100778
120 20 2 0.101315
120 30 2 0.103358
120 40 2 0.103057
120 50 2 0.100053
120 60 2 0.102374
120 70 2 0.097772
120 80 2 0.102656
120 90 2 0.101328
120 100 2 0.100864
140 10 2 0.091937
140 20 2 0.091458
140 30 2 0.092732
140 40 2 0.089819
140 50 2 0.089808
140 60 2 0.091662
140 70 2 0.091775
140 80 2 0.090154
140 90 2 0.090744
140 100 2 0.090489
160 10 2 0.087916
160 20 2 0.089079
160 30 2 0.091472
160 40 2 0.089987
160 50 2 0.092678
160 60 2 0.087326
160 70 2 0.092353
160 80 2 0.092393
160 90 2 0.089284
160 100 2 0.091275
180 10 2 0.087622
180 20 2 0.089165
180 30 2 0.089157
180 40 2 0.094199
180 50 2 0.085924
180 60 2 0.089883
180 70 2 0.087953
180 80 2 0.089000
180 90 2 0.092084
180 100 2 0.089819
200 10 2 0.092225
200 20 2 0.081917
200 30 2 0.091266
200 40 2 0.088919
200 50 2 0.089684
200 60 2 0.088983
200 70 2 0.088147
200 80 2 0.090941
200 90 2 0.089274
200 100 2 0.091778
