20 10 10 0.096832
20 20 10 0.098391
20 30 10 0.107625
20 40 10 0.100265
20 50 10 0.101149
20 60 10 0.097815
20 70 10 0.107481
20 80 10 0.105887
20 90 10 0.102723
20 100 10 0.102507
40 10 10 0.113574
40 20 10 0.087257
40 30 10 0.094822
40 40 10 0.094254
40 50 10 0.091562
40 60 10 0.095381
40 70 10 0.097773
40 80 10 0.094011
40 90 10 0.094465
40 100 10 0.088104
60 10 10 0.093100
60 20 10 0.079400
60 30 10 0.095776
60 40 10 0.104973
60 50 10 0.106340
60 60 10 0.094089
60 70 10 0.097486
60 80 10 0.103759
60 90 10 0.105229
60 100 10 0.104364
80 10 10 0.113213
80 20 10 0.102929
80 30 10 0.097186
80 40 10 0.101389
80 50 10 0.099611
80 60 10 0.098835
80 70 10 0.096027
80 80 10 0.100447
80 90 10 0.088784
80 100 10 0.094901
100 10 10 0.091863
100 20 10 0.090400
100 30 10 0.090253
100 40 10 0.094911
100 50 10 0.091858
100 60 10 0.087929
100 70 10 0.088681
100 80 10 0.080809
100 90 10 0.083956
100 100 10 0.081935
200 10 10 0.067259
200 20 10 0.065839
200 30 10 0.061980
200 40 10 0.063270
200 50 10 0.063486
200 60 10 0.064634
200 70 10 0.066389
200 80 10 0.066919
200 90 10 0.066147
200 100 10 0.065266
