20 10 2 0.094832
20 20 2 0.104118
20 30 2 0.093073
20 40 2 0.098743
20 50 2 0.101603
20 60 2 0.084517
20 70 2 0.095408
20 80 2 0.093086
20 90 2 0.098724
20 100 2 0.096385
40 10 2 0.080839
40 20 2 0.079090
40 30 2 0.075013
40 40 2 0.076169
40 50 2 0.078168
40 60 2 0.078244
40 70 2 0.078061
40 80 2 0.074638
40 90 2 0.073780
40 100 2 0.075327
60 10 2 0.071046
60 20 2 0.068819
60 30 2 0.065930
60 40 2 0.064562
60 50 2 0.068965
60 60 2 0.065928
60 70 2 0.066153
60 80 2 0.067647
60 90 2 0.067580
60 100 2 0.066689
80 10 2 0.066670
80 20 2 0.064724
80 30 2 0.063680
80 40 2 0.062187
80 50 2 0.061076
80 60 2 0.063354
80 70 2 0.062763
80 80 2 0.062143
80 90 2 0.063418
80 100 2 0.063075
100 10 2 0.062979
100 20 2 0.058830
100 30 2 0.061769
100 40 2 0.060454
100 50 2 0.057981
100 60 2 0.059560
100 70 2 0.058909
100 80 2 0.058720
100 90 2 0.058635
100 100 2 0.059353
120 10 2 0.056542
120 20 2 0.057036
120 30 2 0.057043
120 40 2 0.056410
120 50 2 0.055476
120 60 2 0.056103
120 70 2 0.057346
120 80 2 0.055657
120 90 2 0.056128
120 100 2 0.057035
140 10 2 0.055540
140 20 2 0.056448
140 30 2 0.055542
140 40 2 0.054838
140 50 2 0.055206
140 60 2 0.055659
140 70 2 0.055542
140 80 2 0.057525
140 90 2 0.054832
140 100 2 0.054873
160 10 2 0.054271
160 20 2 0.053381
160 30 2 0.053953
160 40 2 0.054422
160 50 2 0.053748
160 60 2 0.054578
160 70 2 0.054033
160 80 2 0.054016
160 90 2 0.053954
160 100 2 0.054758
180 10 2 0.053209
180 20 2 0.054262
180 30 2 0.052477
180 40 2 0.051875
180 50 2 0.052070
180 60 2 0.053790
180 70 2 0.051317
180 80 2 0.052239
180 90 2 0.051888
180 100 2 0.053033
200 10 2 0.053412
200 20 2 0.052143
200 30 2 0.052187
200 40 2 0.051436
200 50 2 0.050630
200 60 2 0.051453
200 70 2 0.052639
200 80 2 0.051732
200 90 2 0.051412
200 100 2 0.050246
