20 10 10 0.187400
20 20 10 0.162155
20 30 10 0.168639
20 40 10 0.172921
20 50 10 0.173781
20 60 10 0.175167
20 70 10 0.175782
20 80 10 0.173954
20 90 10 0.171973
20 100 10 0.174920
40 10 10 0.149185
40 20 10 0.148115
40 30 10 0.145244
40 40 10 0.143867
40 50 10 0.145582
40 60 10 0.146192
40 70 10 0.142527
40 80 10 0.147518
40 90 10 0.144753
40 100 10 0.146424
60 10 10 0.141485
60 20 10 0.136337
60 30 10 0.138035
60 40 10 0.139044
60 50 10 0.138754
60 60 10 0.140201
60 70 10 0.137559
60 80 10 0.139325
60 90 10 0.139431
60 100 10 0.139625
80 10 10 0.139145
80 20 10 0.137125
80 30 10 0.135969
80 40 10 0.135709
80 50 10 0.136257
80 60 10 0.137189
80 70 10 0.135869
80 80 10 0.136682
80 90 10 0.135244
80 100 10 0.134523
100 10 10 0.130974
100 20 10 0.132845
100 30 10 0.134872
100 40 10 0.135795
100 50 10 0.133574
100 60 10 0.135314
100 70 10 0.133580
100 80 10 0.133644
100 90 10 0.133637
100 100 10 0.134459
120 10 10 0.105501
120 20 10 0.107241
120 30 10 0.105389
120 40 10 0.110513
120 50 10 0.109653
120 60 10 0.107239
120 70 10 0.109663
120 80 10 0.109022
120 90 10 0.108960
120 100 10 0.107923
140 10 10 0.106028
140 20 10 0.110761
140 30 10 0.104493
140 40 10 0.104963
140 50 10 0.105780
140 60 10 0.103627
140 70 10 0.108475
140 80 10 0.107554
140 90 10 0.107775
140 100 10 0.106812
160 10 10 0.108359
160 20 10 0.105131
160 30 10 0.105148
160 40 10 0.105958
160 50 10 0.102743
160 60 10 0.105563
160 70 10 0.106296
160 80 10 0.104964
160 90 10 0.105449
160 100 10 0.106601
180 10 10 0.107375
180 20 10 0.105915
180 30 10 0.102468
180 40 10 0.105635
180 50 10 0.106080
180 60 10 0.104510
180 70 10 0.103293
180 80 10 0.103855
180 90 10 0.105652
180 100 10 0.104827
200 10 10 0.103588
200 20 10 0.104381
200 30 10 0.101941
200 40 10 0.104248
200 50 10 0.106062
200 60 10 0.103497
200 70 10 0.104168
200 80 10 0.103668
200 90 10 0.105042
200 100 10 0.103564
