SenseBarrier
1 1 80076624.000000
2 1 18255164.000000
3 1 14237841.000000
4 1 13747932.000000
5 1 12918505.000000
6 1 12942882.000000
7 1 11603479.000000
8 1 10834415.000000
SenseBarrier with less cores
1 1 79282040.000000
2 1 15313893.000000
3 1 14953327.000000
4 1 16487195.000000
5 1 15863451.000000
6 1 14728076.000000
7 1 16120341.000000
8 1 16171183.000000
TreeBarrier
1 1 3 29925736.000000
2 1 3 11113376.000000
3 1 3 10220401.000000
4 1 3 10647520.000000
5 1 3 11653285.000000
6 1 3 12276455.000000
7 1 3 13006139.000000
8 1 3 13468303.000000
TreeBarrier with less cores
1 1 3 29748344.000000
2 1 3 10292883.000000
3 1 3 12616450.000000
4 1 3 11870896.000000
5 1 3 10295941.000000
6 1 3 10814439.000000
7 1 3 11590508.000000
8 1 3 11878215.000000
StaticTreeBarrier
1 1 3 81141616.000000
2 1 3 12868873.000000
3 1 3 15122031.000000
4 1 3 13199344.000000
5 1 3 12488925.000000
6 1 3 15632682.000000
7 1 3 16830472.000000
8 1 3 20173024.000000
StaticTreeBarrier
1 1 3 81569192.000000
2 1 3 7196907.000000
3 1 3 10471827.000000
4 1 3 12091486.000000
5 1 3 12677910.000000
6 1 3 12849791.000000
7 1 3 14239001.000000
8 1 3 14958080.000000
