SenseBarrier
1 1 11.025888
2 1 56.984747
3 1 70.413946
4 1 75.924131
5 1 72.423044
6 1 80.683788
7 1 88.598344
8 1 91.943915
SenseBarrier with less cores
1 1 11.195011
2 1 65.391988
3 1 69.459651
4 1 61.347585
5 1 64.283971
6 1 64.126494
7 1 64.050545
8 1 61.678504
TreeBarrier
1 1 3 34.120285
2 1 3 92.547293
3 1 3 98.260418
4 1 3 93.658910
5 1 3 80.500825
6 1 3 85.445563
7 1 3 74.600732
8 1 3 85.033898
TreeBarrier with less cores
1 1 3 33.394663
2 1 3 111.218992
3 1 3 77.881173
4 1 3 85.444193
5 1 3 100.762831
6 1 3 94.891942
7 1 3 86.484768
8 1 3 83.554899
StaticTreeBarrier
1 1 3 12.311556
2 1 3 64.068083
3 1 3 68.540096
4 1 3 81.173639
5 1 3 73.033779
6 1 3 65.700075
7 1 3 65.568412
8 1 3 50.140745
StaticTreeBarrier
1 1 3 12.270381
2 1 3 142.447712
3 1 3 91.216811
4 1 3 79.940015
5 1 3 91.910614
6 1 3 73.167773
7 1 3 75.243906
8 1 3 65.239520
